[[-0.20866, -5.36317, 4.0, 0.06756],
[-0.47948, -5.37029, 4.0, 0.06773],
[-0.75123, -5.37617, 4.0, 0.06795],
[-1.02409, -5.38103, 4.0, 0.06822],
[-1.29812, -5.38506, 4.0, 0.06852],
[-1.57322, -5.38848, 4.0, 0.06878],
[-1.84898, -5.3916, 4.0, 0.06894],
[-2.12539, -5.39445, 4.0, 0.06911],
[-2.40259, -5.39703, 4.0, 0.0693],
[-2.68069, -5.39937, 4.0, 0.06953],
[-2.95977, -5.40149, 3.77462, 0.07394],
[-3.2402, -5.40335, 3.19514, 0.08777],
[-3.52371, -5.40475, 2.77935, 0.10201],
[-3.82523, -5.40512, 2.3749, 0.12696],
[-4.1249, -5.40147, 2.07694, 0.1443],
[-4.42006, -5.38893, 1.83175, 0.16128],
[-4.70782, -5.36302, 1.61975, 0.17838],
[-4.98506, -5.31993, 1.30909, 0.21432],
[-5.24833, -5.25647, 1.30909, 0.20687],
[-5.49259, -5.16867, 1.30909, 0.19828],
[-5.71233, -5.05402, 1.30909, 0.18933],
[-5.90103, -4.91127, 1.30909, 0.18075],
[-6.05035, -4.7407, 1.30909, 0.17317],
[-6.13856, -4.54291, 1.41729, 0.15281],
[-6.17498, -4.33455, 1.47262, 0.14363],
[-6.16515, -4.12459, 1.47262, 0.14273],
[-6.11324, -3.91927, 1.47262, 0.14382],
[-6.014, -3.72679, 1.63841, 0.13218],
[-5.87623, -3.55121, 1.79294, 0.12447],
[-5.70559, -3.39472, 1.96297, 0.11795],
[-5.5067, -3.25851, 2.12925, 0.11321],
[-5.28316, -3.14351, 2.33107, 0.10784],
[-5.0387, -3.04978, 2.59171, 0.10102],
[-4.77737, -2.97619, 2.92726, 0.09275],
[-4.50311, -2.92053, 3.33261, 0.08397],
[-4.21931, -2.88014, 3.84397, 0.07458],
[-3.92871, -2.85209, 4.0, 0.07299],
[-3.63343, -2.83368, 4.0, 0.07396],
[-3.33495, -2.8226, 4.0, 0.07467],
[-3.03458, -2.81638, 4.0, 0.07511],
[-2.73329, -2.81274, 4.0, 0.07533],
[-2.43178, -2.80973, 4.0, 0.07538],
[-2.13028, -2.80671, 4.0, 0.07538],
[-1.82877, -2.80369, 4.0, 0.07538],
[-1.52727, -2.80067, 4.0, 0.07538],
[-1.22577, -2.79765, 4.0, 0.07538],
[-0.92426, -2.79464, 3.98664, 0.07563],
[-0.62276, -2.79161, 3.52643, 0.0855],
[-0.32186, -2.78711, 3.1538, 0.09542],
[-0.02262, -2.77866, 2.84677, 0.10516],
[0.27376, -2.76377, 2.56939, 0.1155],
[0.56579, -2.73973, 2.24788, 0.13035],
[0.85179, -2.70399, 2.00139, 0.14401],
[1.12993, -2.65416, 1.741, 0.1623],
[1.39813, -2.58792, 1.741, 0.15868],
[1.65411, -2.50313, 1.741, 0.15488],
[1.89508, -2.39755, 1.741, 0.15111],
[2.11637, -2.26737, 1.741, 0.14747],
[2.31239, -2.10939, 1.741, 0.1446],
[2.47312, -1.91918, 1.87265, 0.13298],
[2.60078, -1.70495, 2.00684, 0.12427],
[2.69723, -1.47288, 2.16346, 0.11617],
[2.76475, -1.22824, 2.28557, 0.11104],
[2.80472, -0.97508, 2.40069, 0.10676],
[2.81854, -0.71683, 2.42202, 0.10678],
[2.80775, -0.45641, 2.42202, 0.10761],
[2.7738, -0.19625, 2.42202, 0.10832],
[2.71744, 0.06147, 2.42202, 0.10892],
[2.63958, 0.31476, 2.42202, 0.10941],
[2.53846, 0.56071, 2.42202, 0.10979],
[2.41213, 0.79488, 2.32443, 0.11447],
[2.26679, 1.017, 2.16525, 0.1226],
[2.10441, 1.22556, 1.93268, 0.13676],
[1.92622, 1.41833, 1.735, 0.1513],
[1.73373, 1.59297, 1.5189, 0.17111],
[1.52843, 1.74653, 1.5189, 0.16879],
[1.3117, 1.87457, 1.5189, 0.16573],
[1.08586, 1.97299, 1.5189, 0.16219],
[0.8534, 2.03495, 1.5189, 0.15839],
[0.61805, 2.05323, 1.5189, 0.15541],
[0.3853, 2.01592, 1.60347, 0.14701],
[0.15996, 1.92756, 1.88066, 0.1287],
[-0.05666, 1.79918, 2.34534, 0.10736],
[-0.2658, 1.6426, 3.41065, 0.0766],
[-0.47081, 1.47166, 4.0, 0.06673],
[-0.69733, 1.29632, 4.0, 0.07161],
[-0.92948, 1.12892, 4.0, 0.07155],
[-1.16615, 0.96902, 4.0, 0.07141],
[-1.40667, 0.81631, 4.0, 0.07123],
[-1.65068, 0.67079, 4.0, 0.07103],
[-1.89787, 0.53243, 4.0, 0.07082],
[-2.14816, 0.40173, 4.0, 0.07059],
[-2.40152, 0.27937, 4.0, 0.07034],
[-2.65806, 0.16665, 3.85053, 0.07277],
[-2.91746, 0.06387, 3.60635, 0.07737],
[-3.17928, -0.02927, 3.33042, 0.08344],
[-3.44319, -0.11276, 3.04357, 0.09094],
[-3.70888, -0.18617, 2.74985, 0.10024],
[-3.97601, -0.24885, 2.45359, 0.11183],
[-4.24417, -0.29982, 2.1883, 0.12473],
[-4.51275, -0.33756, 1.90582, 0.14231],
[-4.7809, -0.35997, 1.67875, 0.16028],
[-5.04721, -0.36441, 1.48594, 0.17925],
[-5.30954, -0.34758, 1.3, 0.20221],
[-5.56448, -0.30538, 1.3, 0.19877],
[-5.80705, -0.23371, 1.3, 0.19457],
[-6.02934, -0.12741, 1.3, 0.18953],
[-6.22076, 0.01671, 1.3, 0.18432],
[-6.36743, 0.19907, 1.3, 0.18002],
[-6.44818, 0.41385, 1.54124, 0.14887],
[-6.4793, 0.63937, 1.66755, 0.13653],
[-6.46738, 0.86724, 1.7771, 0.1284],
[-6.41711, 1.09209, 1.90321, 0.12106],
[-6.33297, 1.31032, 2.03861, 0.11473],
[-6.21886, 1.5196, 2.06992, 0.11516],
[-6.07778, 1.71833, 2.06992, 0.11774],
[-5.9065, 1.90193, 2.31981, 0.10824],
[-5.71079, 2.07045, 2.64397, 0.09768],
[-5.4959, 2.22532, 3.09621, 0.08555],
[-5.26673, 2.36902, 3.82178, 0.07078],
[-5.02797, 2.50478, 4.0, 0.06866],
[-4.78438, 2.63642, 4.0, 0.06922],
[-4.53202, 2.77652, 4.0, 0.07216],
[-4.28081, 2.91917, 4.0, 0.07222],
[-4.0306, 3.06401, 4.0, 0.07228],
[-3.78129, 3.21079, 4.0, 0.07233],
[-3.53277, 3.35926, 4.0, 0.07237],
[-3.28498, 3.50928, 4.0, 0.07242],
[-3.03787, 3.66073, 4.0, 0.07246],
[-2.79141, 3.81355, 4.0, 0.0725],
[-2.54562, 3.96777, 3.60451, 0.0805],
[-2.30712, 4.11952, 3.14211, 0.08997],
[-2.06799, 4.26909, 2.73637, 0.10308],
[-1.82752, 4.4141, 2.4628, 0.11402],
[-1.58498, 4.55197, 2.4628, 0.11328],
[-1.3396, 4.67996, 2.4628, 0.11238],
[-1.09047, 4.79478, 2.4628, 0.11138],
[-0.83665, 4.89264, 2.4628, 0.11046],
[-0.57703, 4.96853, 2.4628, 0.10983],
[-0.31082, 5.01736, 3.07913, 0.0879],
[-0.04065, 5.04867, 3.51291, 0.07742],
[0.23262, 5.06628, 4.0, 0.06846],
[0.50845, 5.07334, 4.0, 0.06898],
[0.78637, 5.07292, 4.0, 0.06948],
[1.06574, 5.06805, 4.0, 0.06986],
[1.34901, 5.06525, 4.0, 0.07082],
[1.63229, 5.06415, 4.0, 0.07082],
[1.91557, 5.06429, 4.0, 0.07082],
[2.19886, 5.06535, 3.58111, 0.07911],
[2.48215, 5.06702, 3.13848, 0.09027],
[2.75795, 5.06666, 2.78929, 0.09888],
[3.03093, 5.06214, 2.42834, 0.11243],
[3.30007, 5.05086, 2.14518, 0.12557],
[3.5647, 5.03029, 1.93316, 0.1373],
[3.82399, 4.99773, 1.73594, 0.15054],
[4.07675, 4.95025, 1.73594, 0.14815],
[4.32126, 4.88485, 1.73594, 0.1458],
[4.5546, 4.79711, 1.73594, 0.14361],
[4.77277, 4.68239, 1.73594, 0.14199],
[4.97045, 4.53638, 1.73594, 0.14157],
[5.13887, 4.35384, 1.80855, 0.13733],
[5.27552, 4.13957, 2.1117, 0.12034],
[5.38528, 3.90298, 2.4076, 0.10833],
[5.47184, 3.64954, 2.74081, 0.09772],
[5.53865, 3.3832, 3.14105, 0.08742],
[5.58913, 3.10714, 3.72737, 0.07529],
[5.62723, 2.8242, 4.0, 0.07137],
[5.65712, 2.53692, 4.0, 0.07221],
[5.68233, 2.24642, 4.0, 0.0729],
[5.71226, 1.95247, 4.0, 0.07387],
[5.74597, 1.65878, 4.0, 0.0739],
[5.78293, 1.36571, 4.0, 0.07385],
[5.82274, 1.07328, 4.0, 0.07378],
[5.86513, 0.7815, 4.0, 0.07371],
[5.90991, 0.49034, 4.0, 0.07364],
[5.95689, 0.19981, 4.0, 0.07358],
[6.00599, -0.09011, 4.0, 0.07351],
[6.05726, -0.37936, 4.0, 0.07344],
[6.1108, -0.66787, 3.5934, 0.08166],
[6.16684, -0.95552, 2.83539, 0.10336],
[6.22576, -1.24209, 2.396, 0.1221],
[6.28809, -1.52722, 2.06211, 0.14154],
[6.35106, -1.79549, 1.67917, 0.1641],
[6.4071, -2.06285, 1.67917, 0.16268],
[6.44946, -2.3284, 1.67917, 0.16014],
[6.47098, -2.59111, 1.67917, 0.15698],
[6.46496, -2.84973, 1.67917, 0.15406],
[6.42349, -3.10203, 1.67917, 0.15227],
[6.33019, -3.34062, 1.86179, 0.1376],
[6.19601, -3.56223, 2.07578, 0.12481],
[6.03027, -3.76546, 2.29148, 0.11444],
[5.84, -3.95021, 2.50756, 0.10577],
[5.63044, -4.11721, 2.72747, 0.09825],
[5.40555, -4.26756, 2.95373, 0.09159],
[5.16839, -4.40254, 3.18883, 0.08557],
[4.9214, -4.52346, 3.43491, 0.08006],
[4.66658, -4.63159, 3.7428, 0.07396],
[4.40575, -4.72845, 3.99229, 0.06969],
[4.14024, -4.81503, 4.0, 0.06982],
[3.87116, -4.89222, 4.0, 0.06998],
[3.59952, -4.96082, 4.0, 0.07004],
[3.32617, -5.02154, 4.0, 0.07],
[3.05186, -5.0751, 4.0, 0.06987],
[2.77721, -5.12214, 4.0, 0.06966],
[2.50269, -5.16329, 4.0, 0.06939],
[2.22868, -5.19918, 4.0, 0.06909],
[1.9554, -5.23038, 4.0, 0.06876],
[1.68296, -5.25741, 4.0, 0.06844],
[1.4114, -5.28064, 4.0, 0.06814],
[1.14061, -5.30063, 4.0, 0.06788],
[0.87045, -5.31767, 4.0, 0.06767],
[0.60072, -5.33212, 4.0, 0.06753],
[0.33115, -5.34431, 4.0, 0.06746],
[0.06145, -5.35455, 4.0, 0.06747]]