[[-0.14405, -3.13956, 4.0, 0.0635],
[0.07415, -3.27184, 4.0, 0.06379],
[0.29352, -3.40453, 4.0, 0.0641],
[0.51413, -3.53761, 4.0, 0.06441],
[0.73627, -3.67118, 4.0, 0.0648],
[0.96038, -3.80535, 4.0, 0.0653],
[1.1869, -3.9402, 4.0, 0.06591],
[1.4162, -4.0758, 4.0, 0.0666],
[1.6485, -4.21212, 4.0, 0.06733],
[1.88405, -4.34911, 4.0, 0.06812],
[2.12303, -4.48665, 4.0, 0.06893],
[2.36568, -4.62452, 4.0, 0.06977],
[2.61214, -4.76235, 4.0, 0.0706],
[2.86238, -4.89953, 4.0, 0.07134],
[3.11606, -5.03514, 4.0, 0.07191],
[3.37261, -5.16789, 3.71713, 0.07771],
[3.63127, -5.29619, 3.29332, 0.08767],
[3.89137, -5.41813, 2.87193, 0.10002],
[4.15247, -5.53181, 2.50244, 0.1138],
[4.41443, -5.63515, 2.17381, 0.12954],
[4.67716, -5.72572, 2.08863, 0.13305],
[4.94049, -5.80058, 2.08863, 0.13107],
[5.20404, -5.85621, 2.08863, 0.12896],
[5.46703, -5.8876, 2.08863, 0.12681],
[5.72784, -5.88843, 2.08863, 0.12487],
[5.98296, -5.85035, 2.08863, 0.1235],
[6.22765, -5.77174, 2.31176, 0.11118],
[6.46033, -5.66119, 2.53445, 0.10164],
[6.68038, -5.52498, 2.74579, 0.09425],
[6.88754, -5.36779, 2.99577, 0.0868],
[7.08227, -5.19386, 3.19504, 0.08172],
[7.26486, -5.006, 3.39511, 0.07716],
[7.43576, -4.80657, 3.59372, 0.07308],
[7.59551, -4.59749, 3.772, 0.06976],
[7.7446, -4.38025, 3.92932, 0.06706],
[7.88345, -4.15602, 4.0, 0.06593],
[8.01245, -3.92581, 3.76728, 0.07005],
[8.13194, -3.69041, 3.49019, 0.07564],
[8.24191, -3.45038, 3.24051, 0.08147],
[8.34225, -3.20622, 2.8748, 0.09182],
[8.43251, -2.9583, 2.57178, 0.10259],
[8.51148, -2.70681, 2.28492, 0.11536],
[8.57739, -2.45203, 1.97202, 0.13345],
[8.62794, -2.1944, 1.97202, 0.13313],
[8.66056, -1.93474, 1.97202, 0.13271],
[8.67044, -1.67428, 1.97202, 0.13217],
[8.65217, -1.41533, 1.97202, 0.13163],
[8.59883, -1.16176, 1.97202, 0.1314],
[8.49939, -0.92094, 2.85318, 0.09132],
[8.37816, -0.68813, 3.15171, 0.08328],
[8.23885, -0.46256, 3.47221, 0.07636],
[8.08436, -0.24345, 3.89325, 0.06886],
[7.91751, -0.02985, 3.894, 0.0696],
[7.74129, 0.17936, 3.31255, 0.08258],
[7.55785, 0.3845, 2.88718, 0.09531],
[7.37491, 0.5799, 2.53041, 0.10578],
[7.19666, 0.77709, 2.53041, 0.10505],
[7.02575, 0.97812, 2.53041, 0.10428],
[6.86619, 1.18503, 2.53041, 0.10326],
[6.72193, 1.39972, 2.53041, 0.10222],
[6.59741, 1.62416, 2.53041, 0.10143],
[6.4985, 1.86066, 2.91604, 0.08791],
[6.41916, 2.10591, 3.08071, 0.08367],
[6.35605, 2.35811, 2.94329, 0.08833],
[6.30865, 2.61681, 2.75015, 0.09563],
[6.27722, 2.88198, 2.55945, 0.10433],
[6.26298, 3.15542, 2.33235, 0.1174],
[6.22973, 3.42211, 2.1525, 0.12486],
[6.17746, 3.67858, 1.91628, 0.13659],
[6.10645, 3.92271, 1.72715, 0.14721],
[6.01631, 4.1522, 1.52304, 0.16189],
[5.9067, 4.36462, 1.52304, 0.15694],
[5.77668, 4.55646, 1.52304, 0.15216],
[5.6261, 4.72419, 1.52304, 0.148],
[5.45369, 4.86132, 1.52304, 0.14465],
[5.25943, 4.95984, 1.52304, 0.14301],
[5.04466, 5.00539, 1.76105, 0.12466],
[4.82042, 5.008, 1.91531, 0.11709],
[4.59238, 4.97133, 2.07598, 0.11126],
[4.3652, 4.89867, 2.25322, 0.10586],
[4.1429, 4.79373, 2.3845, 0.10309],
[3.92931, 4.65931, 2.50743, 0.10065],
[3.72812, 4.49879, 2.59876, 0.09904],
[3.54281, 4.31582, 2.59623, 0.10031],
[3.37659, 4.11405, 2.48701, 0.10511],
[3.2322, 3.89711, 2.28708, 0.11394],
[3.11125, 3.6686, 2.05056, 0.12609],
[3.01438, 3.43163, 2.05056, 0.12484],
[2.94207, 3.18871, 2.05056, 0.12361],
[2.89557, 2.94181, 2.05056, 0.12252],
[2.87695, 2.69276, 2.05056, 0.12179],
[2.89115, 2.44363, 2.05056, 0.12169],
[2.94646, 2.19782, 2.54231, 0.0991],
[3.02916, 1.95601, 2.83159, 0.09025],
[3.13474, 1.71836, 3.0497, 0.08527],
[3.26092, 1.48509, 2.82795, 0.09378],
[3.40605, 1.25642, 2.49071, 0.10874],
[3.569, 1.03263, 2.22455, 0.12444],
[3.74895, 0.81405, 1.99953, 0.1416],
[3.91229, 0.58994, 1.78611, 0.15526],
[4.05309, 0.36362, 1.57392, 0.16935],
[4.16758, 0.13644, 1.39638, 0.18218],
[4.25181, -0.08957, 1.38782, 0.1738],
[4.30292, -0.31172, 1.38782, 0.16425],
[4.31869, -0.52671, 1.38782, 0.15532],
[4.29654, -0.73022, 1.38782, 0.14751],
[4.23261, -0.91579, 1.38782, 0.14142],
[4.12304, -1.07361, 1.38782, 0.13844],
[3.97255, -1.19695, 1.53743, 0.12656],
[3.79096, -1.28578, 1.6941, 0.11933],
[3.58451, -1.33965, 1.88255, 0.11334],
[3.35858, -1.35869, 2.09323, 0.10831],
[3.11804, -1.34351, 2.37092, 0.10166],
[2.86772, -1.29679, 2.694, 0.09452],
[2.61159, -1.22216, 3.07048, 0.08688],
[2.35264, -1.12383, 3.55188, 0.07798],
[2.09291, -1.0065, 3.99429, 0.07135],
[1.83362, -0.87348, 4.0, 0.07285],
[1.57549, -0.72852, 4.0, 0.07401],
[1.31876, -0.57501, 4.0, 0.07478],
[1.0634, -0.41601, 4.0, 0.0752],
[0.80928, -0.25409, 4.0, 0.07533],
[0.55579, -0.09123, 4.0, 0.07532],
[0.303, 0.07267, 4.0, 0.07532],
[0.05095, 0.23768, 4.0, 0.07532],
[-0.20027, 0.40394, 4.0, 0.07531],
[-0.45051, 0.57165, 3.85969, 0.07805],
[-0.69964, 0.74102, 3.38943, 0.08888],
[-0.94739, 0.91242, 3.02407, 0.09962],
[-1.19231, 1.08737, 2.73008, 0.11025],
[-1.43129, 1.26763, 2.46448, 0.12146],
[-1.65962, 1.45473, 2.21913, 0.13302],
[-1.87247, 1.64925, 1.99376, 0.14462],
[-2.06521, 1.85108, 1.76559, 0.15807],
[-2.23379, 2.05957, 1.53269, 0.17493],
[-2.37492, 2.27357, 1.53269, 0.16725],
[-2.48553, 2.49166, 1.53269, 0.15955],
[-2.56244, 2.71211, 1.53269, 0.15233],
[-2.6019, 2.93277, 1.53269, 0.14625],
[-2.59785, 3.15059, 1.53269, 0.14214],
[-2.53904, 3.35964, 1.74169, 0.12469],
[-2.43754, 3.55745, 2.03787, 0.1091],
[-2.30312, 3.74407, 2.23353, 0.10297],
[-2.1456, 3.92169, 1.94154, 0.12228],
[-1.9743, 4.09357, 1.69861, 0.14286],
[-1.79672, 4.26504, 1.48775, 0.16593],
[-1.633, 4.44139, 1.3, 0.1851],
[-1.49168, 4.62463, 1.3, 0.178],
[-1.37963, 4.815, 1.3, 0.16993],
[-1.30263, 5.01107, 1.3, 0.16203],
[-1.26707, 5.20978, 1.3, 0.15528],
[-1.28108, 5.4057, 1.3, 0.15109],
[-1.35684, 5.58809, 1.57827, 0.12514],
[-1.47492, 5.75481, 1.75302, 0.11654],
[-1.62979, 5.90391, 1.93115, 0.11132],
[-1.81796, 6.03334, 2.15054, 0.1062],
[-2.03544, 6.14166, 2.44543, 0.09936],
[-2.27704, 6.22901, 2.78253, 0.09233],
[-2.53772, 6.29649, 3.13162, 0.08599],
[-2.81321, 6.34554, 3.63839, 0.07691],
[-3.09904, 6.37918, 4.0, 0.07195],
[-3.3921, 6.39989, 4.0, 0.07345],
[-3.68984, 6.40992, 4.0, 0.07448],
[-3.98923, 6.40988, 4.0, 0.07485],
[-4.28714, 6.40061, 4.0, 0.07451],
[-4.58243, 6.38246, 4.0, 0.07396],
[-4.87459, 6.35568, 4.0, 0.07335],
[-5.16329, 6.3204, 3.87652, 0.07503],
[-5.44819, 6.27645, 3.47987, 0.08284],
[-5.7289, 6.22349, 3.14625, 0.09079],
[-6.00495, 6.1611, 2.80306, 0.10097],
[-6.27576, 6.08863, 2.42631, 0.11554],
[-6.54049, 6.00502, 2.42631, 0.11442],
[-6.7981, 5.90907, 2.42631, 0.1133],
[-7.0467, 5.79844, 2.42631, 0.11215],
[-7.28396, 5.67063, 2.42631, 0.11107],
[-7.50637, 5.5223, 2.42631, 0.11018],
[-7.70726, 5.3486, 2.69583, 0.09851],
[-7.889, 5.15639, 2.85665, 0.0926],
[-8.05239, 4.94942, 3.01138, 0.08756],
[-8.19826, 4.73073, 3.10347, 0.0847],
[-8.32691, 4.50247, 3.08503, 0.08493],
[-8.43852, 4.26641, 2.94701, 0.0886],
[-8.53325, 4.02412, 2.82428, 0.09211],
[-8.61119, 3.77699, 2.51147, 0.10318],
[-8.67203, 3.52627, 2.2817, 0.11307],
[-8.71543, 3.27323, 2.04126, 0.12578],
[-8.73983, 3.01917, 1.82926, 0.13953],
[-8.74365, 2.76575, 1.82926, 0.13855],
[-8.72552, 2.51485, 1.82926, 0.13752],
[-8.68049, 2.26951, 1.82926, 0.13636],
[-8.60421, 2.03391, 1.82926, 0.13538],
[-8.49074, 1.81424, 1.82926, 0.13516],
[-8.33297, 1.6199, 2.35164, 0.10645],
[-8.14877, 1.44376, 2.69569, 0.09454],
[-7.94393, 1.28302, 3.04428, 0.08553],
[-7.72216, 1.13547, 3.50112, 0.07608],
[-7.48687, 0.9987, 4.0, 0.06804],
[-7.24168, 0.86987, 4.0, 0.06925],
[-6.99064, 0.74571, 4.0, 0.07001],
[-6.72878, 0.61843, 4.0, 0.07279],
[-6.46561, 0.48813, 4.0, 0.07342],
[-6.20173, 0.35494, 4.0, 0.0739],
[-5.93776, 0.21918, 4.0, 0.07421],
[-5.67411, 0.0812, 4.0, 0.07439],
[-5.41102, -0.05869, 4.0, 0.07449],
[-5.1486, -0.20021, 4.0, 0.07454],
[-4.88691, -0.34317, 4.0, 0.07455],
[-4.62601, -0.48738, 4.0, 0.07453],
[-4.36596, -0.63269, 4.0, 0.07447],
[-4.10684, -0.77895, 4.0, 0.07439],
[-3.84884, -0.92609, 4.0, 0.07425],
[-3.59193, -1.07385, 4.0, 0.07409],
[-3.33636, -1.22217, 4.0, 0.07387],
[-3.08228, -1.3709, 4.0, 0.0736],
[-2.82975, -1.51989, 4.0, 0.0733],
[-2.57871, -1.66899, 4.0, 0.07299],
[-2.32909, -1.81811, 4.0, 0.07269],
[-2.08065, -1.96718, 4.0, 0.07243],
[-1.83292, -2.11619, 4.0, 0.07227],
[-1.58588, -2.26512, 4.0, 0.07211],
[-1.33957, -2.41393, 4.0, 0.07194],
[-1.09376, -2.56264, 4.0, 0.07182],
[-0.84872, -2.71119, 4.0, 0.07164],
[-0.60449, -2.85954, 4.0, 0.07144],
[-0.36113, -3.00766, 4.0, 0.07122]]